0 4.494794e+01 1.380828e+01 2.409294e+01 1.415609e+00 3.882724e+01 4.394880e+01 2.419683e+01 2.704672e+01 9.337619e+00 4.807520e+01 1.226381e+01 4.860872e+01 1.295316e+01 9.101618e+00 2.600144e+01 3.038861e+00 1.699754e+01 1.423298e+01 3.258533e+00 3.575917e+00 3.370542e+01 4.890756e+01 3.106296e+01 1.362611e+01 8.830826e+00 2.473357e+01 4.895995e+01 2.418748e+01 3.796176e+01 1.938296e+01 4.154963e+01 7.790741e+00 4.477497e+01 3.316713e+01 2.070159e+01 4.604159e+01 4.436272e+00 1.257655e+01 4.759952e+01 4.839769e+01 3.852512e+01 2.248924e+01 2.210206e+01 1.981370e+01 1.619482e+01 3.092881e+01 1.645641e+01 2.361163e+01 4.451155e+01 6.065062e+00 2.454496e+01 1.070068e+01 4.450498e+01 9.705151e+00 1.533571e+01 5.400124e+00 1.966106e+01 2.682341e+01 3.090663e+01 6.797681e+00 2.688007e-01 1.090965e+01 1.208778e+01 4.400000e+01 1.560560e+01 4.542949e+01 4.746144e+01 1.475876e+01 1.485366e-01 4.479473e+00 2.003974e+01 1.615522e+01 2.275766e+01 7.497488e+00 2.407695e+01 4.438504e+00 3.893852e+01 7.608922e+00 2.401804e+01 1.565730e+01 1.121486e+01 4.816871e+01 3.863852e+01 1.491307e+01 2.149383e+01 2.885700e+01 4.594900e+00 1.737006e+01 1.972288e+01 1.195519e+01 4.751821e+00 2.432151e-01 4.404716e+01 1.088778e+01 4.481098e+01 4.897967e+01 2.435076e+01 4.463637e+01 3.674888e+00 4.717485e+01 6.865079e+00 4.146515e+01 1.427397e+01 4.241962e+01 1.374684e+01 7.835920e+00 4.387068e+01 1.831769e+01 1.935628e+01 3.797473e+01 4.591898e+01 4.448331e+00 3.866166e+01 2.876922e+01 4.137234e+01 1.108472e+01 2.846463e+01 2.735299e+00 4.387971e+01 2.630141e+00 4.573073e+01 1.032177e+01 4.458352e+01 4.404969e+01 3.870843e+01 1.402297e+01 4.421312e+01 4.139029e+01 1.268183e+01 1.584226e+01 1.964982e+00 1.968361e+01 4.502966e+01 4.789424e+01 1.457173e+01 1.523249e+01 4.433850e+01 3.235081e-01 2.083758e+01 4.883883e+01 3.231929e+00 2.081992e+01 4.407722e+00 1.946794e+01 3.120089e+01 4.893401e+01 4.443274e+01 1.441925e+01 4.383758e+01 2.394643e+01 4.825620e+01 2.781454e+01 8.694296e-01 1.596037e+01 9.279901e+00 4.495139e+01 4.930659e+01 1.602313e+01 4.929279e+01 4.469614e+01 4.382335e+01 4.822336e+01 1.124810e+01 4.403865e+01 4.445355e+01 1.427613e+01 3.675345e+00 4.415464e+01 2.444145e+01 4.453677e+01 4.418163e+01 1.004836e+01 2.403480e+01 9.301266e+00 4.475101e+01 2.298896e+01 1.165300e+00 2.183516e+01 4.817499e+01 1.390272e+01 1.622131e+00 7.535166e+00 1.779661e+01 2.941646e-01 1.082585e+01 4.464351e+01 3.116071e+01 1.576513e+01 4.158654e+01 5.281044e-01 4.542670e+01 4.838739e+01 4.460496e+01 9.748126e+00 4.460519e+01 2.711557e+01 4.147089e+01 9.946070e+00 2.283131e+01 
4.494794e+01 0 3.166094e+01 2.339573e+01 4.363354e+01 6.324330e+00 1.794231e+00 2.162712e+01 2.039683e+01 3.623693e+01 4.752062e+00 3.272931e+01 5.476428e+00 3.690870e+01 3.587363e+01 2.097323e+01 4.208418e+01 2.842363e+01 3.171388e+01 4.799865e+01 4.164352e+01 1.217125e+01 1.410659e+01 1.454828e+01 3.168145e+01 3.756349e+01 2.108528e+01 1.220596e+01 2.088770e+01 7.689074e+00 2.861418e+01 3.793539e+00 3.744400e+01 3.564316e-01 1.181052e+01 2.433766e+01 3.044758e+00 4.237802e+01 3.397438e+01 5.435277e+00 5.347529e+00 6.663817e+00 2.253166e+01 2.348562e+01 2.736309e+01 3.904392e+01 1.439963e+01 2.849739e+01 2.134598e+01 6.032707e-01 3.892106e+01 2.129797e+01 3.424727e+01 5.467193e-01 3.561649e+01 3.642830e+01 4.049835e+01 2.750054e+01 2.191229e+01 1.468184e+01 3.976916e+01 4.468846e+01 3.411006e+01 3.288841e+01 9.895401e-01 3.626054e+01 1.430262e+00 4.866506e+00 3.156824e+01 4.480474e+01 4.220903e+01 2.747634e+01 3.896026e+01 2.271841e+01 3.860808e+01 2.165483e+01 4.176335e+01 6.197320e+00 3.751448e+01 2.177272e+01 3.034310e+01 3.397670e+01 4.995836e+00 6.498912e+00 3.214317e+01 2.465802e+01 1.650643e+01 4.217390e+01 3.046378e+01 2.586769e+01 3.389988e+01 4.105986e+01 4.503643e+01 1.362146e+01 3.635980e+01 1.517867e-01 1.377439e+01 2.144555e+01 5.439487e-01 4.154527e+01 4.431677e+00 3.951464e+01 3.815078e+00 3.741452e+01 9.764592e+00 3.347366e+01 3.816880e+01 1.083701e+00 2.822685e+01 2.605297e+01 9.300722e+00 5.629775e+00 4.199763e+01 6.560011e+00 1.999285e+01 3.873342e+00 3.448547e+01 1.656825e+01 4.758709e+01 1.972324e+00 4.728559e+01 8.133364e-01 3.464750e+01 5.170214e-01 1.366751e+00 6.484817e+00 3.178586e+01 7.488659e-01 3.919542e+00 3.312262e+01 3.905203e+01 4.652607e+01 2.528166e+01 3.552253e-01 4.174000e+00 3.429632e+01 3.042740e+01 6.206179e-01 4.473739e+01 2.418733e+01 6.145592e+00 4.317175e+01 2.422547e+01 4.211921e+01 2.849335e+01 1.441396e+01 1.229693e+01 7.085469e-01 3.104097e+01 1.158724e+00 2.361752e+01 5.133509e+00 2.242711e+01 4.573492e+01 3.904307e+01 3.633760e+01 2.537217e-01 1.103835e+01 3.890907e+01 1.180106e+01 2.539948e-01 1.612946e+00 4.911156e+00 3.732776e+01 9.178351e-01 6.128446e-01 3.117685e+01 4.157466e+01 7.974475e-01 2.140307e+01 4.924999e-01 8.366089e-01 3.581605e+01 2.180511e+01 3.635400e+01 2.144246e-01 2.361729e+01 4.602348e+01 2.322087e+01 5.320785e+00 3.107002e+01 4.632780e+01 3.947059e+01 2.785049e+01 4.465378e+01 3.490510e+01 6.404961e-01 1.478949e+01 3.890982e+01 3.725141e+00 4.537602e+01 5.096538e-01 5.577993e+00 5.663102e-01 3.736529e+01 3.487310e-01 1.870252e+01 3.875389e+00 3.559145e+01 2.457804e+01 
1.380828e+01 3.166094e+01 0 1.432555e+01 1.266929e+01 2.577411e+01 3.082867e+01 1.283333e+01 1.645757e+01 4.609232e+00 3.449301e+01 2.558798e+00 3.499676e+01 1.299894e+01 5.040065e+00 1.531465e+01 1.134858e+01 7.103154e+00 1.242650e+00 1.659722e+01 1.106048e+01 2.126840e+01 3.513344e+01 1.741495e+01 5.759344e+00 9.535592e+00 1.326841e+01 3.515418e+01 1.172869e+01 2.515366e+01 1.210414e+01 2.811553e+01 6.020323e+00 3.152039e+01 2.009132e+01 7.410917e+00 3.250882e+01 1.262698e+01 8.720018e+00 3.394888e+01 3.478479e+01 2.550059e+01 1.003947e+01 8.353797e+00 6.402587e+00 1.769969e+01 1.736961e+01 4.110270e+00 1.051155e+01 3.126936e+01 7.828144e+00 1.313922e+01 4.171707e+00 3.125285e+01 4.107757e+00 1.481769e+01 8.893832e+00 6.263511e+00 1.712532e+01 1.726249e+01 1.085770e+01 1.353963e+01 4.966539e+00 4.095044e+00 3.074702e+01 1.492504e+01 3.201564e+01 3.384293e+01 8.360955e+00 1.365986e+01 1.244811e+01 1.189709e+01 1.760429e+01 9.054845e+00 9.745034e+00 1.262823e+01 1.015465e+01 2.587382e+01 6.209085e+00 1.264957e+01 2.113096e+00 2.664212e+00 3.457160e+01 2.558333e+01 9.582000e+00 1.117839e+01 1.643431e+01 1.247056e+01 1.116920e+01 5.946747e+00 2.310571e+00 1.108669e+01 1.384423e+01 3.029764e+01 1.013359e+01 3.151815e+01 3.519684e+01 1.292789e+01 3.139648e+01 1.097779e+01 3.357628e+01 1.054503e+01 2.804292e+01 1.472466e+01 2.861327e+01 9.743935e+00 9.378876e+00 3.060128e+01 9.849399e+00 8.492062e+00 2.423760e+01 3.222560e+01 1.216853e+01 2.564868e+01 1.855962e+01 2.795661e+01 6.956845e+00 1.564539e+01 1.625724e+01 3.077972e+01 1.588136e+01 3.241852e+01 4.055508e+00 3.133572e+01 3.087664e+01 2.568015e+01 7.210145e+00 3.094452e+01 2.796029e+01 7.210620e+00 1.742007e+01 1.513435e+01 7.281355e+00 3.170846e+01 3.435302e+01 1.188745e+01 1.455096e+00 3.106645e+01 1.354806e+01 7.578400e+00 3.518915e+01 1.159784e+01 7.512234e+00 1.229716e+01 1.210348e+01 1.755373e+01 3.512903e+01 3.119833e+01 6.243668e-01 3.059052e+01 1.428782e+01 3.465271e+01 1.868901e+01 1.449812e+01 1.750897e+01 4.700709e+00 3.168990e+01 3.550027e+01 1.745770e+01 3.548463e+01 3.140707e+01 3.066617e+01 3.463613e+01 1.179331e+01 3.076903e+01 3.120604e+01 4.849399e-01 1.103080e+01 3.087992e+01 1.305611e+01 3.127937e+01 3.093298e+01 4.158353e+00 1.271996e+01 4.709603e+00 3.147349e+01 9.209849e+00 1.476571e+01 8.485909e+00 3.455350e+01 3.865655e+00 1.499098e+01 1.107502e+01 3.991706e+00 1.352176e+01 3.245174e+00 3.130308e+01 1.744606e+01 1.724775e+01 2.815959e+01 1.415880e+01 3.212027e+01 3.475699e+01 3.127546e+01 1.028001e+01 3.132637e+01 1.529193e+01 2.803471e+01 3.963914e+00 1.341205e+01 
2.409294e+01 2.339573e+01 1.432555e+01 0 2.267928e+01 1.711255e+01 2.197125e+01 3.345495e+00 3.144960e+00 1.761201e+01 2.754207e+01 1.363290e+01 2.821139e+01 1.373445e+01 1.606685e+01 2.424425e+00 2.105414e+01 7.613227e+00 1.522396e+01 2.734817e+01 2.052293e+01 1.122467e+01 3.233271e+01 1.382353e+01 1.073215e+01 1.553891e+01 3.558286e+00 3.148532e+01 6.110813e+00 1.572727e+01 5.328296e+00 2.085528e+01 1.803894e+01 2.313062e+01 1.243545e+01 9.350122e+00 2.539799e+01 2.055098e+01 1.168474e+01 2.752777e+01 2.802087e+01 1.676504e+01 6.392464e+00 1.151482e+01 1.534799e+01 1.567158e+01 1.308986e+01 1.024736e+01 8.163035e+00 2.284718e+01 1.874492e+01 3.417984e+00 1.436086e+01 2.287222e+01 1.676608e+01 1.304223e+01 2.112040e+01 1.535999e+01 2.855857e+00 1.369283e+01 1.780041e+01 2.386958e+01 1.367110e+01 1.282497e+01 2.240727e+01 1.286889e+01 2.430120e+01 2.718779e+01 9.359696e+00 2.396982e+01 2.040673e+01 4.299520e+00 1.558566e+01 1.112229e+01 1.679687e+01 3.558741e+00 2.225897e+01 1.724408e+01 1.789323e+01 3.384524e+00 1.459668e+01 1.527213e+01 2.771405e+01 1.695067e+01 9.467669e+00 3.149022e+00 7.525562e+00 2.033990e+01 7.337373e+00 1.195861e+01 1.639359e+01 1.953570e+01 2.424912e+01 2.838974e+01 1.385609e+01 2.328790e+01 3.222761e+01 3.466791e+00 2.295592e+01 2.042303e+01 2.680168e+01 1.761303e+01 2.072820e+01 1.406123e+01 2.503508e+01 1.079287e+01 1.639785e+01 2.234087e+01 5.775863e+00 5.834970e+00 1.983385e+01 2.631705e+01 2.026245e+01 1.685518e+01 4.677773e+00 2.061746e+01 1.301771e+01 8.444601e+00 2.682519e+01 2.185343e+01 2.669057e+01 2.420782e+01 1.500447e+01 2.293147e+01 2.221189e+01 1.693823e+01 1.008495e+01 2.265457e+01 2.069509e+01 1.141216e+01 1.566701e+01 2.596114e+01 7.722363e+00 2.358691e+01 2.715667e+01 1.113174e+01 1.401004e+01 2.278179e+01 2.397247e+01 9.204023e+00 2.866888e+01 2.337936e+01 9.370572e+00 2.036563e+01 5.210997e+00 1.390483e+01 3.150878e+01 2.274988e+01 1.393271e+01 2.223837e+01 2.265721e-01 2.783280e+01 4.370811e+00 2.495638e+01 1.566172e+01 1.774201e+01 2.331646e+01 3.119514e+01 1.552906e+01 3.153372e+01 2.316896e+01 2.195658e+01 2.770812e+01 1.446152e+01 2.249664e+01 2.280997e+01 1.399724e+01 2.042764e+01 2.262048e+01 3.374232e+00 2.291840e+01 2.256159e+01 1.768018e+01 3.259611e+00 1.780227e+01 2.318186e+01 1.383926e+01 2.525499e+01 9.281362e+00 2.786723e+01 1.135007e+01 2.567170e+01 1.729872e+01 1.277231e+01 2.381463e+01 1.688417e+01 2.329721e+01 1.451057e+01 1.552197e+01 2.085705e+01 2.459711e+01 2.390530e+01 2.812102e+01 2.322274e+01 1.498882e+01 2.305091e+01 5.121628e+00 2.079416e+01 1.709154e+01 1.295894e+00 
1.415609e+00 4.363354e+01 1.266929e+01 2.267928e+01 0 3.749390e+01 4.261733e+01 2.280812e+01 2.563760e+01 8.308746e+00 4.680553e+01 1.100484e+01 4.734553e+01 1.166719e+01 7.846671e+00 2.459498e+01 1.625921e+00 1.560894e+01 1.317014e+01 4.674139e+00 2.160313e+00 3.233743e+01 4.780096e+01 2.982193e+01 1.223653e+01 7.434023e+00 2.334623e+01 4.781564e+01 2.284103e+01 3.661037e+01 1.797052e+01 4.025738e+01 6.691619e+00 4.345690e+01 3.184249e+01 1.943248e+01 4.476303e+01 3.300896e+00 1.116408e+01 4.634658e+01 4.713482e+01 3.718960e+01 2.114902e+01 2.090635e+01 1.879158e+01 1.509084e+01 2.966882e+01 1.516007e+01 2.231125e+01 4.319227e+01 4.852799e+00 2.315647e+01 9.397897e+00 4.318682e+01 8.593905e+00 1.407948e+01 4.708793e+00 1.864033e+01 2.540805e+01 2.966485e+01 5.451064e+00 1.210277e+00 9.554800e+00 1.075130e+01 4.268228e+01 1.434635e+01 4.413155e+01 4.620036e+01 1.334331e+01 1.299780e+00 3.306003e+00 1.862429e+01 1.504606e+01 2.154585e+01 6.099504e+00 2.269095e+01 4.014675e+00 3.760610e+01 6.463159e+00 2.262996e+01 1.457830e+01 1.004005e+01 4.690229e+01 3.730554e+01 1.350144e+01 2.009082e+01 2.749619e+01 3.426723e+00 1.596110e+01 1.854461e+01 1.092289e+01 3.378923e+00 1.590479e+00 4.295674e+01 9.507495e+00 4.349736e+01 4.786583e+01 2.296326e+01 4.331674e+01 2.259288e+00 4.590925e+01 5.498226e+00 4.017118e+01 1.304837e+01 4.125162e+01 1.234222e+01 6.429877e+00 4.255494e+01 1.690376e+01 1.797383e+01 3.675562e+01 4.467950e+01 3.219021e+00 3.732504e+01 2.735522e+01 4.007748e+01 9.674469e+00 2.712817e+01 4.146178e+00 4.254640e+01 4.039688e+00 4.441889e+01 9.054930e+00 4.326481e+01 4.272335e+01 3.737305e+01 1.261250e+01 4.289705e+01 4.009754e+01 1.126907e+01 1.473540e+01 3.349156e+00 1.835667e+01 4.371939e+01 4.661629e+01 1.320796e+01 1.410905e+01 4.302274e+01 1.343816e+00 1.956453e+01 4.758508e+01 3.208578e+00 1.955200e+01 3.202623e+00 1.805508e+01 2.995949e+01 4.779167e+01 4.311264e+01 1.327116e+01 4.251931e+01 2.253226e+01 4.699120e+01 2.639999e+01 2.283772e+00 1.485415e+01 8.264487e+00 4.363400e+01 4.813704e+01 1.490974e+01 4.813780e+01 4.338216e+01 4.249558e+01 4.695472e+01 9.933226e+00 4.272282e+01 4.313490e+01 1.312833e+01 2.260075e+00 4.283933e+01 2.305268e+01 4.321919e+01 4.286330e+01 9.070123e+00 2.264525e+01 8.295340e+00 4.343561e+01 2.187504e+01 2.580702e+00 2.056708e+01 4.691429e+01 1.256929e+01 3.024325e+00 6.209035e+00 1.664255e+01 1.147461e+00 9.795228e+00 4.333595e+01 2.993877e+01 1.464913e+01 4.029318e+01 1.931283e+00 4.411434e+01 4.712880e+01 4.329602e+01 8.377399e+00 4.329005e+01 2.573364e+01 4.017901e+01 8.890851e+00 2.141681e+01 
3.882724e+01 6.324330e+00 2.577411e+01 1.711255e+01 3.749390e+01 0 5.125045e+00 1.530650e+01 1.416306e+01 3.029770e+01 1.049885e+01 2.667420e+01 1.119187e+01 3.058511e+01 2.979392e+01 1.468813e+01 3.592721e+01 2.216227e+01 2.593252e+01 4.191981e+01 3.547422e+01 5.914243e+00 1.743433e+01 9.432807e+00 2.545005e+01 3.129214e+01 1.476363e+01 1.598334e+01 1.467200e+01 1.751437e+00 2.230254e+01 4.123383e+00 3.142969e+01 6.087977e+00 5.690722e+00 1.837828e+01 8.373586e+00 3.614066e+01 2.767409e+01 1.065338e+01 1.101205e+01 3.500543e-01 1.634752e+01 1.782738e+01 2.201202e+01 3.277923e+01 9.029135e+00 2.242108e+01 1.531598e+01 5.808990e+00 3.283499e+01 1.497611e+01 2.813769e+01 5.821611e+00 2.963985e+01 3.012866e+01 3.452450e+01 2.213860e+01 1.577369e+01 9.532313e+00 3.351008e+01 3.857063e+01 2.794654e+01 2.674310e+01 5.336357e+00 2.996479e+01 7.191797e+00 1.024064e+01 2.526356e+01 3.868565e+01 3.597341e+01 2.116000e+01 3.269424e+01 1.703554e+01 3.235764e+01 1.533782e+01 3.578682e+01 1.336876e-01 3.147602e+01 1.545359e+01 2.460860e+01 2.798734e+01 1.068903e+01 1.907869e-01 2.582356e+01 1.833587e+01 1.019857e+01 3.593517e+01 2.414170e+01 2.013971e+01 2.805132e+01 3.484629e+01 3.892436e+01 1.511726e+01 3.005440e+01 6.207130e+00 1.720043e+01 1.512539e+01 5.926178e+00 3.537524e+01 9.829428e+00 3.326025e+01 3.976665e+00 3.110418e+01 1.091016e+01 2.715575e+01 3.191979e+01 5.251371e+00 2.190521e+01 1.978207e+01 7.228664e+00 9.796828e+00 3.576762e+01 3.137791e-01 1.394443e+01 3.866641e+00 2.824014e+01 1.036668e+01 4.149182e+01 5.052575e+00 4.121010e+01 7.137051e+00 2.856818e+01 5.889292e+00 5.258952e+00 2.031504e-01 2.550750e+01 5.576277e+00 3.988449e+00 2.685194e+01 3.277899e+01 4.045016e+01 1.914451e+01 6.491196e+00 1.007379e+01 2.797323e+01 2.461124e+01 5.704484e+00 3.862633e+01 1.821794e+01 1.171198e+01 3.717125e+01 1.827218e+01 3.588790e+01 2.218160e+01 9.316445e+00 1.604219e+01 5.718401e+00 2.516232e+01 5.167387e+00 1.733587e+01 1.081429e+01 1.645155e+01 3.962781e+01 3.277274e+01 3.040366e+01 6.272520e+00 1.525176e+01 3.263963e+01 1.581100e+01 6.087957e+00 5.020796e+00 1.066632e+01 3.100777e+01 5.411956e+00 5.762751e+00 2.529400e+01 3.540216e+01 5.535174e+00 1.508137e+01 5.862998e+00 5.502099e+00 2.992975e+01 1.548439e+01 3.042573e+01 6.113090e+00 1.831973e+01 3.991918e+01 1.728861e+01 1.088527e+01 2.492596e+01 4.023921e+01 3.319438e+01 2.208981e+01 3.853334e+01 2.901497e+01 6.187210e+00 9.919934e+00 3.263441e+01 4.092855e+00 3.926689e+01 6.830821e+00 1.114610e+01 6.115576e+00 3.106939e+01 5.976085e+00 1.237819e+01 4.088699e+00 2.965607e+01 1.827790e+01 
4.394880e+01 1.794231e+00 3.082867e+01 2.197125e+01 4.261733e+01 5.125045e+00 0 2.035919e+01 1.892852e+01 3.537343e+01 6.542932e+00 3.178170e+01 7.266290e+00 3.557152e+01 3.490765e+01 1.955686e+01 4.105176e+01 2.727565e+01 3.094524e+01 4.703530e+01 4.059919e+01 1.076864e+01 1.572675e+01 1.402250e+01 3.057110e+01 3.639817e+01 1.981260e+01 1.387727e+01 1.979672e+01 6.253733e+00 2.723236e+01 3.919508e+00 3.652847e+01 1.439893e+00 1.079116e+01 2.345207e+01 4.797516e+00 4.125891e+01 3.275783e+01 7.214404e+00 7.140130e+00 5.436725e+00 2.147222e+01 2.277158e+01 2.680743e+01 3.757838e+01 1.377119e+01 2.753183e+01 2.040936e+01 1.210032e+00 3.795053e+01 2.002364e+01 3.325641e+01 1.291950e+00 3.472717e+01 3.501348e+01 3.961279e+01 2.694020e+01 2.037671e+01 1.414454e+01 3.862153e+01 4.369182e+01 3.307109e+01 3.186620e+01 1.194923e+00 3.483899e+01 3.193609e+00 6.652769e+00 3.034276e+01 4.380700e+01 4.109212e+01 2.610952e+01 3.749628e+01 2.198972e+01 3.747255e+01 2.040221e+01 4.087630e+01 5.011492e+00 3.658101e+01 2.051155e+01 2.959965e+01 3.307775e+01 6.788311e+00 5.312651e+00 3.087006e+01 2.337730e+01 1.528873e+01 4.105309e+01 2.911889e+01 2.512148e+01 3.309304e+01 3.996914e+01 4.404483e+01 1.489614e+01 3.513038e+01 1.776013e+00 1.540691e+01 2.018020e+01 1.250305e+00 4.050022e+01 6.216265e+00 3.837360e+01 3.872202e+00 3.602168e+01 1.087224e+01 3.220723e+01 3.703525e+01 1.357928e+00 2.694584e+01 2.489223e+01 9.550118e+00 7.258637e+00 4.088763e+01 5.308178e+00 1.842123e+01 3.880656e+00 3.335739e+01 1.549132e+01 4.661006e+01 1.807370e-01 4.632489e+01 2.477692e+00 3.368154e+01 1.288767e+00 4.677762e-01 5.253000e+00 3.061113e+01 1.361277e+00 3.985752e+00 3.195952e+01 3.759621e+01 4.556494e+01 2.426526e+01 2.128310e+00 5.955230e+00 3.295588e+01 2.963713e+01 1.418825e+00 4.374663e+01 2.329501e+01 7.939337e+00 4.226791e+01 2.334372e+01 4.100761e+01 2.711195e+01 1.389338e+01 1.396444e+01 1.111659e+00 3.021334e+01 1.149654e+00 2.219057e+01 6.926071e+00 2.082074e+01 4.474765e+01 3.758402e+01 3.547769e+01 1.594238e+00 1.275795e+01 3.744906e+01 1.350067e+01 1.692941e+00 3.514102e-01 6.700883e+00 3.604995e+01 1.354595e+00 1.232142e+00 3.034670e+01 4.052718e+01 1.411861e+00 2.012958e+01 1.350177e+00 1.169063e+00 3.498688e+01 2.053648e+01 3.549786e+01 1.616299e+00 2.307514e+01 4.503864e+01 2.235127e+01 7.115013e+00 3.004872e+01 4.535622e+01 3.829712e+01 2.708920e+01 4.365484e+01 3.407295e+01 2.157271e+00 1.435832e+01 3.745704e+01 3.834595e+00 4.438698e+01 2.230782e+00 7.372167e+00 2.038598e+00 3.615677e+01 1.565302e+00 1.740405e+01 3.986778e+00 3.473021e+01 2.317745e+01 
2.419683e+01 2.162712e+01 1.283333e+01 3.345495e+00 2.280812e+01 1.530650e+01 2.035919e+01 0 3.766495e+00 1.670893e+01 2.548679e+01 1.273100e+01 2.612545e+01 1.532913e+01 1.555703e+01 2.677130e+00 2.119421e+01 7.199414e+00 1.353173e+01 2.740547e+01 2.069761e+01 9.688792e+00 2.953696e+01 1.071750e+01 1.057162e+01 1.613855e+01 5.499781e-01 2.881432e+01 2.785060e+00 1.414313e+01 7.297857e+00 1.874484e+01 1.743352e+01 2.139446e+01 1.009106e+01 6.661732e+00 2.334704e+01 2.108958e+01 1.242114e+01 2.534407e+01 2.592679e+01 1.497177e+01 3.438442e+00 8.496299e+00 1.266368e+01 1.798610e+01 1.004226e+01 8.763358e+00 4.920053e+00 2.111523e+01 1.846538e+01 3.487200e-01 1.382214e+01 2.112805e+01 1.591104e+01 1.511458e+01 2.058827e+01 1.269769e+01 5.093903e+00 1.057805e+01 1.839210e+01 2.395487e+01 1.335890e+01 1.230069e+01 2.064094e+01 1.498448e+01 2.239106e+01 2.505421e+01 1.000076e+01 2.406339e+01 2.093002e+01 6.113119e+00 1.789346e+01 8.011120e+00 1.728193e+01 2.542119e-01 2.179815e+01 1.543193e+01 1.736673e+01 1.863190e-01 1.265800e+01 1.430066e+01 2.563824e+01 1.512952e+01 1.051717e+01 3.034217e+00 5.147817e+00 2.088023e+01 8.938920e+00 9.344215e+00 1.506974e+01 1.989818e+01 2.432583e+01 2.542721e+01 1.477871e+01 2.150668e+01 2.945556e+01 1.853069e-01 2.123183e+01 2.059698e+01 2.469080e+01 1.816218e+01 1.862897e+01 1.599092e+01 2.225463e+01 1.185080e+01 1.685356e+01 2.054907e+01 6.600161e+00 4.858630e+00 1.707219e+01 2.399698e+01 2.074709e+01 1.508459e+01 5.927480e+00 1.852188e+01 1.323119e+01 5.598393e+00 2.692244e+01 2.026155e+01 2.671774e+01 2.243854e+01 1.438772e+01 2.119573e+01 2.054267e+01 1.515308e+01 1.036883e+01 2.087834e+01 1.858178e+01 1.173681e+01 1.792969e+01 2.596716e+01 5.619405e+00 2.177939e+01 2.515764e+01 1.273271e+01 1.221654e+01 2.100662e+01 2.403591e+01 6.491801e+00 2.652599e+01 2.304629e+01 6.651050e+00 2.086151e+01 7.178979e+00 1.080994e+01 2.883010e+01 2.102403e+01 1.234284e+01 2.047221e+01 3.515396e+00 2.574955e+01 6.904518e+00 2.503844e+01 1.794183e+01 1.683356e+01 2.157901e+01 2.862962e+01 1.781667e+01 2.891051e+01 2.138771e+01 2.029629e+01 2.564970e+01 1.570127e+01 2.071178e+01 2.106925e+01 1.243422e+01 2.061351e+01 2.083434e+01 2.446656e-01 2.116917e+01 2.080817e+01 1.661457e+01 1.780841e-01 1.688091e+01 2.141695e+01 1.073690e+01 2.533651e+01 6.335484e+00 2.575193e+01 1.058880e+01 2.571142e+01 1.801283e+01 1.051373e+01 2.390798e+01 1.574788e+01 2.145010e+01 1.135588e+01 1.777079e+01 1.875792e+01 2.467476e+01 2.213158e+01 2.599750e+01 2.138776e+01 1.582332e+01 2.127848e+01 2.979315e+00 1.867690e+01 1.612522e+01 3.804555e+00 
2.704672e+01 2.039683e+01 1.645757e+01 3.144960e+00 2.563760e+01 1.416306e+01 1.892852e+01 3.766495e+00 0 2.011962e+01 2.464455e+01 1.611821e+01 2.532628e+01 1.687501e+01 1.876068e+01 1.143063e+00 2.401186e+01 1.024992e+01 1.721693e+01 3.029341e+01 2.348952e+01 8.249022e+00 2.996229e+01 1.213298e+01 1.352810e+01 1.859657e+01 3.492342e+00 2.899014e+01 6.109513e+00 1.270947e+01 8.469724e+00 1.801850e+01 2.069843e+01 2.012175e+01 9.878898e+00 1.040655e+01 2.250652e+01 2.360956e+01 1.475252e+01 2.469561e+01 2.514038e+01 1.381344e+01 7.159026e+00 1.207062e+01 1.637546e+01 1.865193e+01 1.131428e+01 1.235286e+01 8.320903e+00 1.983796e+01 2.154851e+01 3.537928e+00 1.703117e+01 1.986697e+01 1.929533e+01 1.611620e+01 2.382501e+01 1.641592e+01 2.037976e+00 1.202411e+01 2.086345e+01 2.681716e+01 1.643439e+01 1.548998e+01 1.941142e+01 1.593275e+01 2.135196e+01 2.433026e+01 1.238870e+01 2.692018e+01 2.346175e+01 7.440848e+00 1.856925e+01 1.150598e+01 1.983363e+01 4.009122e+00 2.499864e+01 1.429594e+01 2.058846e+01 3.932869e+00 1.639283e+01 1.773052e+01 2.482573e+01 1.400877e+01 1.257490e+01 5.619747e+00 5.314359e+00 2.339839e+01 1.048158e+01 1.308797e+01 1.864745e+01 2.255102e+01 2.719482e+01 2.625173e+01 1.696453e+01 2.029379e+01 2.983158e+01 3.731154e+00 1.994373e+01 2.338914e+01 2.393402e+01 2.066664e+01 1.788635e+01 1.716146e+01 2.268794e+01 1.390813e+01 1.942631e+01 1.935431e+01 8.789651e+00 8.132489e+00 1.751526e+01 2.357109e+01 2.330870e+01 1.389382e+01 2.161012e+00 1.777449e+01 1.596334e+01 6.643923e+00 2.978195e+01 1.880550e+01 2.962515e+01 2.120629e+01 1.764281e+01 1.992319e+01 1.918509e+01 1.398188e+01 1.302599e+01 1.966118e+01 1.786099e+01 1.437823e+01 1.866771e+01 2.888756e+01 9.342312e+00 2.060102e+01 2.423477e+01 1.427500e+01 1.592093e+01 1.978752e+01 2.691344e+01 1.023311e+01 2.581082e+01 2.617581e+01 1.038943e+01 2.341461e+01 8.353090e+00 1.218981e+01 2.902082e+01 1.973902e+01 1.599454e+01 1.924316e+01 3.346387e+00 2.494767e+01 3.668288e+00 2.790515e+01 1.865581e+01 2.024729e+01 2.030735e+01 2.860741e+01 1.852100e+01 2.899440e+01 2.017531e+01 1.892801e+01 2.481150e+01 1.760188e+01 1.950694e+01 1.980380e+01 1.607839e+01 2.339725e+01 1.963073e+01 3.590185e+00 1.991467e+01 1.956067e+01 2.009732e+01 3.836481e+00 2.030082e+01 2.018249e+01 1.419690e+01 2.820416e+01 9.994683e+00 2.499785e+01 1.388720e+01 2.860848e+01 2.038376e+01 1.427875e+01 2.676460e+01 1.925636e+01 2.032717e+01 1.290304e+01 1.852860e+01 1.801425e+01 2.754381e+01 2.090632e+01 2.525491e+01 2.024841e+01 1.808761e+01 2.005463e+01 3.238700e+00 1.796147e+01 1.956226e+01 4.430814e+00 
9.337619e+00 3.623693e+01 4.609232e+00 1.761201e+01 8.308746e+00 3.029770e+01 3.537343e+01 1.670893e+01 2.011962e+01 0 3.910189e+01 4.001565e+00 3.960599e+01 1.215366e+01 2.399931e+00 1.898820e+01 7.179463e+00 1.000124e+01 4.898620e+00 1.201370e+01 7.010450e+00 2.561533e+01 3.957880e+01 2.202417e+01 7.227274e+00 7.531270e+00 1.719344e+01 3.966168e+01 1.599905e+01 2.961736e+01 1.423053e+01 3.271101e+01 1.694697e+00 3.609083e+01 2.460776e+01 1.192172e+01 3.711523e+01 8.946983e+00 8.725102e+00 3.855713e+01 3.939401e+01 3.001724e+01 1.427813e+01 1.295942e+01 1.048719e+01 1.684719e+01 2.197364e+01 8.069398e+00 1.498896e+01 3.583746e+01 3.681525e+00 1.703846e+01 3.539789e+00 3.582267e+01 8.625189e-01 1.443035e+01 4.284605e+00 1.033539e+01 2.046765e+01 2.187167e+01 7.938313e+00 9.069417e+00 4.574442e+00 4.929222e+00 3.531658e+01 1.461136e+01 3.661029e+01 3.845213e+01 9.607635e+00 9.189360e+00 8.780000e+00 1.438419e+01 1.676363e+01 1.366404e+01 7.110641e+00 1.653223e+01 5.546028e+00 3.040015e+01 2.058629e+00 1.652262e+01 6.329561e+00 2.410212e+00 3.918076e+01 3.010704e+01 1.051678e+01 1.456728e+01 2.074466e+01 8.833397e+00 1.273085e+01 1.054832e+01 2.619162e+00 7.438627e+00 9.350704e+00 3.471250e+01 9.018836e+00 3.609499e+01 3.965498e+01 1.682889e+01 3.596428e+01 6.944797e+00 3.818544e+01 7.651321e+00 3.263684e+01 1.396084e+01 3.315771e+01 1.006670e+01 6.897185e+00 3.517356e+01 1.231964e+01 1.198769e+01 2.883622e+01 3.683039e+01 8.488808e+00 3.016298e+01 2.212385e+01 3.254962e+01 6.468961e+00 2.007356e+01 1.169410e+01 3.532038e+01 1.129949e+01 3.699903e+01 2.843328e+00 3.590485e+01 3.543175e+01 3.019799e+01 8.432563e+00 3.551692e+01 3.255517e+01 7.654122e+00 1.651889e+01 1.055876e+01 1.143077e+01 3.628993e+01 3.896019e+01 1.199256e+01 5.968267e+00 3.563953e+01 9.060034e+00 1.208030e+01 3.979737e+01 6.989427e+00 1.202972e+01 8.608569e+00 1.426706e+01 2.216295e+01 3.963357e+01 3.576500e+01 5.233566e+00 3.515892e+01 1.752946e+01 3.926193e+01 2.185550e+01 9.978964e+00 1.662549e+01 1.310670e-01 3.626165e+01 4.004257e+01 1.661004e+01 4.000748e+01 3.598323e+01 3.521803e+01 3.924514e+01 1.052793e+01 3.534148e+01 3.577502e+01 5.093109e+00 7.009178e+00 3.545331e+01 1.694552e+01 3.585011e+01 3.550194e+01 8.717019e-01 1.657368e+01 2.065886e-01 3.604778e+01 1.367750e+01 1.023620e+01 1.302451e+01 3.916264e+01 6.263536e+00 1.043277e+01 8.432324e+00 8.575412e+00 9.059318e+00 1.489395e+00 3.588725e+01 2.205155e+01 1.636540e+01 3.275418e+01 9.651015e+00 3.669969e+01 3.936596e+01 3.585796e+01 8.627480e+00 3.590077e+01 1.938561e+01 3.263041e+01 6.465097e-01 1.652261e+01 
4.807520e+01 4.752062e+00 3.449301e+01 2.754207e+01 4.680553e+01 1.049885e+01 6.542932e+00 2.548679e+01 2.464455e+01 3.910189e+01 0 3.581150e+01 7.256856e-01 4.081482e+01 3.897392e+01 2.512149e+01 4.530006e+01 3.197652e+01 3.440046e+01 5.103089e+01 4.488838e+01 1.640394e+01 1.033256e+01 1.707988e+01 3.512940e+01 4.109704e+01 2.495998e+01 8.254739e+00 2.440583e+01 1.207915e+01 3.264752e+01 6.742648e+00 4.041955e+01 5.103770e+00 1.541954e+01 2.737476e+01 2.145225e+00 4.578796e+01 3.763684e+01 1.315085e+00 6.062563e-01 1.084879e+01 2.596190e+01 2.616065e+01 2.961252e+01 4.321148e+01 1.715185e+01 3.165761e+01 2.453953e+01 5.350517e+00 4.201275e+01 2.517356e+01 3.741453e+01 5.281121e+00 3.854497e+01 4.049822e+01 4.338633e+01 2.975879e+01 2.627236e+01 1.723144e+01 4.325365e+01 4.781107e+01 3.738513e+01 3.613504e+01 5.594877e+00 4.034483e+01 3.444072e+00 8.820656e-01 3.526310e+01 4.792938e+01 4.561475e+01 3.148578e+01 4.312481e+01 2.544011e+01 4.207113e+01 2.548430e+01 4.464765e+01 1.036524e+01 4.053047e+01 2.561766e+01 3.298664e+01 3.693951e+01 2.630225e-01 1.064539e+01 3.593514e+01 2.851470e+01 2.034159e+01 4.558849e+01 3.441308e+01 2.857526e+01 3.665354e+01 4.441185e+01 4.814597e+01 1.128874e+01 4.003823e+01 4.789573e+00 9.954622e+00 2.530211e+01 5.295004e+00 4.479222e+01 9.481425e-01 4.298570e+01 6.857829e+00 4.143579e+01 8.459688e+00 3.724479e+01 4.162958e+01 5.572280e+00 3.205805e+01 2.965302e+01 1.055981e+01 3.024611e+00 4.538878e+01 1.078122e+01 2.442542e+01 6.965103e+00 3.795392e+01 2.013787e+01 5.065263e+01 6.718963e+00 5.031451e+01 4.114200e+00 3.775621e+01 5.266406e+00 6.117511e+00 1.068701e+01 3.537151e+01 5.346916e+00 6.905873e+00 3.667509e+01 4.319954e+01 4.955909e+01 2.858673e+01 4.435033e+00 6.613297e-01 3.821924e+01 3.317671e+01 5.240933e+00 4.784630e+01 2.724121e+01 1.414954e+00 4.608751e+01 2.725595e+01 4.551340e+01 3.252646e+01 1.694107e+01 8.361643e+00 5.454535e+00 3.386864e+01 5.742802e+00 2.776715e+01 3.962676e-01 2.691007e+01 4.883157e+01 4.319728e+01 3.919361e+01 4.950395e+00 6.866073e+00 4.306558e+01 7.714229e+00 4.889186e+00 6.358329e+00 1.676677e-01 4.110604e+01 5.456035e+00 5.346137e+00 3.400885e+01 4.482697e+01 5.343180e+00 2.527590e+01 5.223000e+00 5.506843e+00 3.860537e+01 2.566425e+01 3.920124e+01 4.942677e+00 2.590190e+01 4.911332e+01 2.624066e+01 6.788770e-01 3.432877e+01 4.938581e+01 4.301338e+01 3.056448e+01 4.778182e+01 3.770843e+01 4.547261e+00 1.710699e+01 4.305142e+01 6.728873e+00 4.847826e+01 4.322799e+00 8.866932e-01 4.652306e+00 4.099396e+01 5.022330e+00 2.265418e+01 6.811590e+00 3.845604e+01 2.867112e+01 
1.226381e+01 3.272931e+01 2.558798e+00 1.363290e+01 1.100484e+01 2.667420e+01 3.178170e+01 1.273100e+01 1.611821e+01 4.001565e+00 3.581150e+01 0 3.634650e+01 1.048090e+01 3.162482e+00 1.498729e+01 9.542899e+00 6.038260e+00 3.728972e+00 1.526973e+01 9.176498e+00 2.179702e+01 3.702406e+01 1.881791e+01 3.687656e+00 7.021167e+00 1.322348e+01 3.693991e+01 1.217518e+01 2.590330e+01 1.056860e+01 2.929601e+01 4.786740e+00 3.256538e+01 2.099073e+01 8.438038e+00 3.377875e+01 1.048591e+01 6.278657e+00 3.534284e+01 3.613558e+01 2.638176e+01 1.045133e+01 9.974156e+00 8.801537e+00 1.520460e+01 1.866729e+01 4.257124e+00 1.138430e+01 3.230533e+01 6.204585e+00 1.306385e+01 1.770152e+00 3.229581e+01 3.183021e+00 1.238056e+01 7.934741e+00 8.671337e+00 1.648679e+01 1.866066e+01 8.489645e+00 1.199996e+01 2.415526e+00 1.612015e+00 3.179000e+01 1.250278e+01 3.318152e+01 3.520002e+01 6.301381e+00 1.211813e+01 1.030575e+01 1.058431e+01 1.511039e+01 1.057685e+01 7.336147e+00 1.256018e+01 9.178998e+00 2.678160e+01 4.804059e+00 1.254480e+01 4.618005e+00 1.643210e+00 3.590554e+01 2.648429e+01 7.430566e+00 1.057081e+01 1.691750e+01 1.031343e+01 9.318922e+00 7.686899e+00 3.207096e+00 8.973510e+00 1.233709e+01 3.224099e+01 7.578975e+00 3.259062e+01 3.706816e+01 1.285527e+01 3.243098e+01 9.085174e+00 3.491186e+01 8.178177e+00 2.921336e+01 1.222705e+01 3.033183e+01 7.400470e+00 6.947065e+00 3.165583e+01 8.500905e+00 7.986691e+00 2.576297e+01 3.367516e+01 1.003862e+01 2.652293e+01 1.812457e+01 2.912158e+01 4.409299e+00 1.635526e+01 1.486517e+01 3.171967e+01 1.455637e+01 3.350604e+01 1.951224e+00 3.237571e+01 3.186466e+01 2.656414e+01 5.098376e+00 3.199887e+01 2.913721e+01 4.826451e+00 1.491759e+01 1.379694e+01 7.595853e+00 3.280203e+01 3.563117e+01 9.525486e+00 3.831850e+00 3.212341e+01 1.203740e+01 8.575329e+00 3.658160e+01 1.051981e+01 8.556182e+00 1.016818e+01 1.058985e+01 1.895536e+01 3.692058e+01 3.222877e+01 2.915929e+00 3.162913e+01 1.355654e+01 3.599340e+01 1.790639e+01 1.302696e+01 1.500908e+01 4.129537e+00 3.273998e+01 3.720811e+01 1.496227e+01 3.723794e+01 3.247669e+01 3.164330e+01 3.595979e+01 9.238637e+00 3.182393e+01 3.224568e+01 2.805250e+00 9.128589e+00 3.193861e+01 1.296936e+01 3.232609e+01 3.197312e+01 4.061576e+00 1.259246e+01 4.184433e+00 3.253481e+01 1.122723e+01 1.331162e+01 9.571390e+00 3.591375e+01 2.293002e+00 1.360274e+01 8.636738e+00 5.940141e+00 1.197036e+01 3.331989e+00 3.241078e+01 1.894620e+01 1.474696e+01 2.933406e+01 1.267154e+01 3.320327e+01 3.612719e+01 3.237487e+01 7.728208e+00 3.238848e+01 1.545451e+01 2.921691e+01 3.459553e+00 1.256853e+01 
4.860872e+01 5.476428e+00 3.499676e+01 2.821139e+01 4.734553e+01 1.119187e+01 7.266290e+00 2.612545e+01 2.532628e+01 3.960599e+01 7.256856e-01 3.634650e+01 0 4.145065e+01 3.950891e+01 2.579236e+01 4.584652e+01 3.257369e+01 3.488525e+01 5.155051e+01 4.543882e+01 1.709064e+01 9.867023e+00 1.758221e+01 3.571134e+01 4.168640e+01 2.560081e+01 7.765806e+00 2.500633e+01 1.278450e+01 3.330164e+01 7.383256e+00 4.093726e+01 5.827598e+00 1.604758e+01 2.791305e+01 2.820396e+00 4.635945e+01 3.824401e+01 1.253437e+00 2.122449e-01 1.154156e+01 2.655006e+01 2.665527e+01 3.004576e+01 4.387815e+01 1.767995e+01 3.220628e+01 2.510127e+01 6.075415e+00 4.254469e+01 2.581430e+01 3.795926e+01 6.006365e+00 3.905784e+01 4.115392e+01 4.389056e+01 3.019297e+01 2.696508e+01 1.773528e+01 4.383580e+01 4.834410e+01 3.794371e+01 3.669086e+01 6.320150e+00 4.100229e+01 4.167915e+00 1.156820e+00 3.587551e+01 4.846262e+01 4.618576e+01 3.213765e+01 4.379114e+01 2.594196e+01 4.265108e+01 2.611954e+01 4.515065e+01 1.105820e+01 4.105341e+01 2.625453e+01 3.346733e+01 3.745813e+01 5.037149e-01 1.133593e+01 3.655903e+01 2.915063e+01 2.098324e+01 4.616066e+01 3.505656e+01 2.907007e+01 3.714498e+01 4.497643e+01 4.867711e+01 1.111524e+01 4.064627e+01 5.514896e+00 9.481516e+00 2.594059e+01 6.019066e+00 4.534298e+01 1.446201e+00 4.356625e+01 7.502745e+00 4.208540e+01 8.526690e+00 3.786553e+01 4.220944e+01 6.296254e+00 3.268872e+01 3.025775e+01 1.096180e+01 3.156637e+00 4.595800e+01 1.147682e+01 2.512608e+01 7.611465e+00 3.853669e+01 2.075082e+01 5.117685e+01 7.441962e+00 5.083398e+01 4.830028e+00 3.829314e+01 5.991154e+00 6.842262e+00 1.138148e+01 3.597043e+01 6.072393e+00 7.545904e+00 3.726912e+01 4.386384e+01 5.007944e+01 2.915665e+01 5.160441e+00 1.337415e+00 3.885803e+01 3.367103e+01 5.966573e+00 4.837749e+01 2.778177e+01 7.387650e-01 4.659390e+01 2.779358e+01 4.608297e+01 3.318060e+01 1.744347e+01 7.875604e+00 6.179526e+00 3.437245e+01 6.467671e+00 2.843672e+01 3.787045e-01 2.761502e+01 4.936070e+01 4.386237e+01 3.969646e+01 5.673083e+00 6.333634e+00 4.373097e+01 7.195603e+00 5.614740e+00 7.083542e+00 5.654074e-01 4.172605e+01 6.180888e+00 6.071435e+00 3.451308e+01 4.537841e+01 6.068315e+00 2.591624e+01 5.948278e+00 6.232518e+00 3.909986e+01 2.630270e+01 3.970292e+01 5.667737e+00 2.634664e+01 4.964143e+01 2.677846e+01 4.706821e-01 3.488750e+01 4.990957e+01 4.360307e+01 3.105734e+01 4.831557e+01 3.820551e+01 5.271588e+00 1.758336e+01 4.371505e+01 7.373571e+00 4.900829e+01 5.043606e+00 4.065433e-01 5.377080e+00 4.159536e+01 5.747894e+00 2.330570e+01 7.449889e+00 3.896058e+01 2.933394e+01 
1.295316e+01 3.690870e+01 1.299894e+01 1.373445e+01 1.166719e+01 3.058511e+01 3.557152e+01 1.532913e+01 1.687501e+01 1.215366e+01 4.081482e+01 1.048090e+01 4.145065e+01 0 9.761607e+00 1.608726e+01 1.030659e+01 9.596576e+00 1.420428e+01 1.599363e+01 9.770000e+00 2.480688e+01 4.420221e+01 2.513235e+01 7.751395e+00 4.957888e+00 1.585943e+01 4.370954e+01 1.669344e+01 2.931950e+01 8.406163e+00 3.407235e+01 1.116290e+01 3.666401e+01 2.540588e+01 1.558765e+01 3.867580e+01 8.573374e+00 4.399921e+00 4.065201e+01 4.125118e+01 3.024488e+01 1.541494e+01 1.804759e+01 1.868764e+01 4.753762e+00 2.465940e+01 1.194540e+01 1.732203e+01 3.638263e+01 1.026093e+01 1.564579e+01 9.263817e+00 3.640005e+01 1.150680e+01 2.482526e+00 1.289527e+01 1.858437e+01 1.595139e+01 2.497505e+01 6.271875e+00 1.282050e+01 8.214791e+00 8.904152e+00 3.591988e+01 2.729915e+00 3.770970e+01 4.037346e+01 6.068361e+00 1.287999e+01 8.501641e+00 9.481244e+00 4.663487e+00 1.831694e+01 6.047369e+00 1.533113e+01 1.346894e+01 3.071296e+01 1.075469e+01 1.519717e+01 1.491716e+01 1.130362e+01 4.096470e+01 3.041244e+01 5.050402e+00 1.230023e+01 2.047661e+01 8.392936e+00 6.453337e+00 1.643502e+01 1.325831e+01 8.351074e+00 1.317575e+01 3.973967e+01 3.134842e+00 3.679223e+01 4.416948e+01 1.551357e+01 3.649644e+01 9.695772e+00 4.001390e+01 6.302249e+00 3.395720e+01 1.808366e+00 3.704529e+01 3.933313e+00 5.950282e+00 3.583627e+01 8.775603e+00 1.154899e+01 3.198292e+01 3.925692e+01 8.507047e+00 3.035001e+01 1.804832e+01 3.385033e+01 6.096725e+00 2.076665e+01 1.539998e+01 3.546321e+01 1.548981e+01 3.772174e+01 9.778069e+00 3.646473e+01 3.578277e+01 3.042400e+01 6.607943e+00 3.616110e+01 3.390920e+01 5.945419e+00 4.450592e+00 1.490347e+01 1.350718e+01 3.707354e+01 4.048650e+01 2.616123e+00 1.406114e+01 3.628927e+01 1.298011e+01 1.561584e+01 4.184193e+01 1.387122e+01 1.570498e+01 8.554948e+00 8.523544e+00 2.525237e+01 4.371337e+01 3.628890e+01 1.322701e+01 3.575076e+01 1.352914e+01 4.107525e+01 1.642183e+01 1.377607e+01 4.547281e+00 1.224876e+01 3.684940e+01 4.366773e+01 4.512032e+00 4.387379e+01 3.667306e+01 3.553177e+01 4.097749e+01 1.818461e+00 3.599706e+01 3.633986e+01 1.314720e+01 9.656736e+00 3.612027e+01 1.554263e+01 3.644310e+01 3.608290e+01 1.286992e+01 1.515147e+01 1.233651e+01 3.669688e+01 2.004606e+01 1.404104e+01 1.651853e+01 4.107354e+01 9.661266e+00 1.454069e+01 5.482455e+00 1.536920e+01 1.274711e+01 1.273167e+01 3.675449e+01 2.555917e+01 4.284239e+00 3.408609e+01 1.347531e+01 3.741574e+01 4.131757e+01 3.668895e+01 3.754263e+00 3.656072e+01 1.821013e+01 3.400396e+01 1.213455e+01 1.246895e+01 
9.101618e+00 3.587363e+01 5.040065e+00 1.606685e+01 7.846671e+00 2.979392e+01 3.490765e+01 1.555703e+01 1.876068e+01 2.399931e+00 3.897392e+01 3.162482e+00 3.950891e+01 9.761607e+00 0 1.765265e+01 6.410805e+00 8.512073e+00 5.833003e+00 1.212861e+01 6.074329e+00 2.482502e+01 4.007599e+01 2.197561e+01 5.378182e+00 5.248660e+00 1.607103e+01 4.003294e+01 1.522602e+01 2.898892e+01 1.225933e+01 3.245332e+01 1.993643e+00 3.570644e+01 2.411722e+01 1.159997e+01 3.694023e+01 7.591108e+00 6.388215e+00 3.850418e+01 3.929798e+01 2.949791e+01 1.350865e+01 1.308338e+01 1.141748e+01 1.446920e+01 2.182953e+01 7.378160e+00 1.452813e+01 3.544516e+01 3.047816e+00 1.589854e+01 1.735999e+00 3.543669e+01 1.774697e+00 1.203043e+01 5.064890e+00 1.127454e+01 1.891160e+01 2.181862e+01 6.024291e+00 8.838013e+00 2.470172e+00 3.272275e+00 3.493112e+01 1.221182e+01 3.633671e+01 3.836232e+01 7.509911e+00 8.956065e+00 7.412755e+00 1.254016e+01 1.438450e+01 1.370844e+01 5.034809e+00 1.540587e+01 6.247326e+00 2.990275e+01 1.828954e+00 1.537247e+01 7.107629e+00 2.396574e+00 3.906802e+01 2.960439e+01 8.306553e+00 1.314451e+01 1.994931e+01 7.438287e+00 1.062128e+01 1.074932e+01 3.992110e+00 6.048961e+00 9.176578e+00 3.526601e+01 6.627791e+00 3.573555e+01 4.012858e+01 1.569434e+01 3.557053e+01 5.986894e+00 3.807434e+01 5.717566e+00 3.236993e+01 1.156964e+01 3.344312e+01 7.749263e+00 4.750485e+00 3.479869e+01 1.052832e+01 1.071594e+01 2.891128e+01 3.683326e+01 7.131536e+00 2.963746e+01 2.067864e+01 3.227773e+01 4.127872e+00 1.945280e+01 1.171375e+01 3.484314e+01 1.141746e+01 3.665261e+01 1.226410e+00 3.551611e+01 3.499692e+01 2.968068e+01 6.391106e+00 3.514154e+01 3.229430e+01 5.442926e+00 1.414406e+01 1.065752e+01 1.066734e+01 3.594962e+01 3.879279e+01 9.623662e+00 6.491841e+00 3.526640e+01 8.876933e+00 1.173628e+01 3.974308e+01 7.498525e+00 1.171833e+01 7.259866e+00 1.230766e+01 2.211322e+01 4.001161e+01 3.536778e+01 5.594437e+00 3.476968e+01 1.596185e+01 3.915586e+01 2.019195e+01 9.868630e+00 1.424945e+01 2.502416e+00 3.588171e+01 4.032459e+01 1.423107e+01 4.034147e+01 3.562128e+01 3.477376e+01 3.912224e+01 8.160413e+00 3.496675e+01 3.538609e+01 5.455944e+00 6.035371e+00 3.508192e+01 1.579970e+01 3.546752e+01 3.511373e+01 3.117972e+00 1.540780e+01 2.590296e+00 3.567824e+01 1.419063e+01 1.015465e+01 1.273358e+01 3.907602e+01 4.983581e+00 1.045428e+01 6.390119e+00 8.903080e+00 8.808094e+00 3.144089e+00 3.556021e+01 2.209418e+01 1.398856e+01 3.249091e+01 9.512188e+00 3.634936e+01 3.928927e+01 3.552333e+01 6.292540e+00 3.553208e+01 1.837388e+01 3.237437e+01 2.403972e+00 1.490631e+01 
